133 18
708 4 1 2 3 4
454 8 5 6 7 8 9 10 11 12
461 9 13 14 15 16 17 18 19 20 21
448 11 22 23 24 25 26 27 28 29 30 31 32
441 9 33 34 35 36 37 38 39 40 41
504 8 42 43 44 45 46 47 48 49
297 5 50 51 52 53 54
248 7 55 56 57 58 59 60 61
43 4 62 63 64 65
275 8 66 67 68 69 70 71 72 73
410 8 74 75 76 77 78 79 80 81
230 5 82 83 84 85 86
448 10 87 88 89 90 91 92 93 94 95 96
420 6 97 98 99 100 101 102
535 9 103 104 105 106 107 108 109 110 111
433 8 112 113 114 115 116 117 118 119
77 4 120 121 122 123
875 10 124 125 126 127 128 129 130 131 132 133